Black 505 510 1 0
Black 505 460 1 1
White 320 510 6 0
White 320 460 6 1
White 320 410 6 2
White 320 360 6 3
White 320 310 6 4
White 210 510 8 0
White 210 460 8 1
White 210 410 8 2
Black 62 510 12 0
Black 62 460 12 1
Black 62 410 12 2
Black 62 360 12 3
Black 62 310 12 4
White 60 60 13 0
White 60 110 13 1
White 60 160 13 2
White 60 210 13 3
White 60 260 13 4
Black 208 60 17 0
Black 208 110 17 1
Black 208 160 17 2
Black 320 60 19 0
Black 320 110 19 1
Black 320 160 19 2
Black 320 210 19 3
Black 320 260 19 4
White 505 60 24 0
White 505 110 24 1
0
0
0